647710 364352 645511 317367 801529 309659 304371 872109 496885 151960 771984 359210 427634 951689 849380 292514
707022 871694 200093 312405 242823 122312 695861 195639 119600 817495 396824 990596 284643 117418 726876 203046
145277 556040 427142 839832 293131 792756 242421 685166 692495 942881 861961 551455 842678 249979 718807 344118
252738 169116 398323 738501 698183 757560 934321 757303 437924 393483 926519 485995 731700 438678 984126 779685
524569 781709 514001 570664 392002 769945 138408 295427 220947 920497 918511 503426 684447 908924 409836 551338
381637 328336 580539 885389 291827 789367 407880 505748 628442 149636 720289 939026 451757 446029 167871 704082
980417 769654 469168 117263 801008 249803 901479 177065 394033 745389 242215 460940 823592 601363 534273 738843
290602 280531 963994 449118 356855 294453 188771 258260 304207 645126 864125 776871 769590 648235 228501 118660
468851 598620 537703 625095 426095 336924 773315 440335 500360 595692 542443 204742 470004 244126 114920 615290
795557 969871 668493 833433 364657 361338 426037 371943 194398 491145 164835 876836 437225 187168 935605 404272
957638 364684 545299 789533 353574 709503 810852 550303 600340 876947 653413 455801 910438 405812 936908 553853
280129 840099 408291 398508 581253 624309 590519 411261 467444 559925 756769 623083 906986 767616 371731 440783
336844 916875 142313 750482 378481 747267 108025 330698 128657 212536 737384 905434 886058 418134 998614 479173
288788 369178 357953 958816 218035 683934 917338 545230 103232 623891 345359 233467 627660 285725 520605 137665
676990 349883 709960 242808 730345 392765 598209 134416 205127 872674 507580 706060 279299 996133 783410 435659
837608 764294 207478 326440 344877 603713 816669 129705 591286 532969 672551 304276 315347 586153 572987 494731
