168515 122977 967059 785418 873199 785587 198078 576114 459930 619906 987284 626080 488124 381094 514489 915171 684950 970654 611511 121246 689718 667784 408274 177437 272001 764347 168097 152448 660948 525978 324354 544757 411895 555821 377156 663031 955975 415364 424800 894310 691937 761589 812968 222894 529141 992162 576716 908837 290297 951037 806736 330914 616974 723481 212499 122665 179347 227173 644122 673269 972540 436788 875671 600102
415300 255423 808697 168126 517001 576377 155000 494875 309890 782396 627881 451386 185885 508285 874851 713310 851414 759082 138066 962012 847230 843247 458324 312127 442306 708019 226462 705737 209319 567637 645984 473700 660458 217711 158258 419197 641599 212859 148633 785325 111963 742907 956583 723200 337363 134408 252887 452669 765214 783924 884413 631872 812212 428120 504908 251599 511699 753528 305644 323656 189792 867677 526842 554694
926021 114313 579486 901364 377238 527815 577154 841735 525197 153130 411941 535702 898187 133157 298929 186804 507822 810168 436595 906549 745499 733955 619235 927979 770749 983853 639605 905350 818720 174840 373106 178211 287375 270978 777606 698045 386615 232425 642606 146293 735456 559373 262741 394246 723641 540112 608105 333301 774165 376391 126635 175882 961491 488583 135440 712818 961754 782853 982252 256346 291003 886829 291057 950536
149427 508555 167955 589807 308835 667293 135372 608297 325335 752705 795219 188952 758023 234558 447413 144235 428636 881846 385906 464925 732080 245057 250475 395028 134096 465479 488053 681037 548554 377356 884096 960509 602314 644591 644398 759233 581743 841000 828542 469348 866665 695887 740051 695609 509162 815864 240609 453667 365521 813112 328472 284782 831232 710582 164007 868813 183248 984470 999001 130437 329122 575342 428819 199015
427070 972414 571306 701653 633117 360205 153466 538496 334719 610437 532654 320916 870732 674508 395660 717755 995275 552645 920766 262818 180417 595464 576700 810931 430771 250363 621360 563795 149971 822317 936537 378329 390801 428497 161939 950200 234134 194954 673120 835459 417828 417832 582561 129882 138112 994231 573832 268519 406646 439365 950209 198267 767021 905494 478787 181063 360819 277070 814494 579985 657051 972008 862786 149363
328864 428987 457846 297762 602083 121225 988652 599362 775482 171290 656675 405840 894030 863049 704552 621341 172936 715159 576425 109290 690281 213459 833858 852799 781279 210650 805594 169468 804751 972738 587300 458509 888702 107986 198788 875127 541235 340173 266268 678849 423660 781393 300958 740538 572809 683853 507792 545912 153553 237047 105144 176307 556972 240631 912911 305700 137953 633441 288616 661722 606067 435627 532245 178765
508683 322820 919909 769911 277183 961492 238090 539353 408447 234217 761357 842227 941610 359283 849667 679673 795716 592759 596968 283821 223892 200191 874714 184962 585680 508555 909979 582221 355713 761139 947150 963149 363763 364739 521393 847679 950033 625328 510384 793544 304936 415552 320361 718302 661854 191049 680607 716915 326461 889802 844183 485375 795739 924000 209844 603071 533418 258800 192033 946445 666275 701394 228229 365183
656843 188469 466006 955228 102623 599802 470123 744624 710666 604978 953938 507318 359780 478942 168918 104723 989071 962970 366816 797720 581862 912169 615113 370593 169120 367434 769134 592706 794969 136465 210955 925682 994625 354262 605808 823273 869977 189512 307680 911749 882660 146208 782095 901898 361085 463537 751346 244418 257107 639674 722381 593463 193399 769077 210324 319592 115641 878255 127486 444103 731719 116256 769767 839165
367440 648701 729064 970196 676196 956955 607079 677551 310428 765678 171125 511219 102387 502528 972812 266874 180570 657859 412087 575375 188720 319626 867112 882342 538050 951511 861330 513333 128260 147063 462740 307977 145136 395133 715661 469460 291600 419296 149696 486938 863481 693595 605654 539827 412712 968707 960416 594263 809196 489575 352937 358903 545038 413353 740814 965974 803740 438352 728029 367689 701986 467007 372158 139249
521980 771428 364101 864218 253921 119104 422397 585358 786349 635340 805943 520087 478371 863801 375529 190091 140340 771537 451372 537065 275270 201817 945054 487567 912100 706528 123344 977311 413018 716726 273397 267370 603111 294065 888501 611073 478996 620380 300653 578462 771607 195219 756162 925395 125473 916043 173247 762992 755490 486499 630790 271778 816375 218787 703699 282103 638085 673500 844034 739412 975955 462841 414971 707776
739958 365184 895044 244198 526536 137383 320639 950670 609371 950433 350758 199788 572989 899509 290158 424331 367954 378067 474769 886154 462273 349617 533700 773550 252494 954987 350070 400540 171188 417562 653768 254485 120774 261144 660140 720999 230768 567999 437794 720818 554696 436960 791515 657031 806251 443338 747193 530367 858932 978321 517680 918822 299113 375480 380014 588732 269772 306983 914420 212428 188276 448656 122409 461978
237616 479203 271410 327870 600548 837562 109648 621531 221916 344970 244242 589750 946878 275539 976429 865598 861541 565588 185474 321700 519536 725607 536609 742668 546507 438640 522723 314433 760843 925810 204703 607509 523668 857904 112555 970721 665541 410260 742757 205520 407307 116284 567522 620967 600074 601019 687801 120512 274081 578994 360901 110624 584377 741300 570371 821061 520217 746720 507515 499581 223778 945582 571357 511496
364857 649917 689012 333187 524248 823135 151130 352744 143060 581160 646897 781441 211575 588307 788840 296312 317779 103995 302246 528001 662056 279573 794407 663087 775873 415081 949081 971388 866613 578001 222721 315017 403663 956784 888907 793597 756814 903095 791696 589747 390454 899875 240988 675036 619052 335924 988156 268003 208507 769860 846587 350936 939491 916328 231839 918511 864347 966285 184389 120279 778166 999843 900940 484618
364718 435278 517896 730990 462950 382739 584433 172976 715699 852990 743550 711949 273893 543005 277006 221162 310287 185754 600467 519851 313661 711283 910853 789922 396577 177364 217665 261433 484428 751762 767315 960027 909216 394047 750682 488858 434088 379897 951677 632661 402118 856082 217196 964304 174017 448524 610677 920026 954352 114856 704420 700180 339205 415299 737745 857996 722633 667508 443867 758893 444911 853465 220936 620495
799872 580969 524867 896385 626963 342584 681862 456206 278910 748228 331875 100183 938803 569872 839049 172930 422407 626424 880840 974511 836839 661415 560568 697464 652667 975534 602698 355157 360149 891546 534315 472012 651542 469415 979634 550737 322178 523785 465658 391420 660174 885861 732797 709845 933910 656110 157251 584201 545214 830306 313129 844296 552143 143866 107435 542958 300486 299563 828521 605834 577834 342088 344476 482292
975109 894282 226479 139887 451032 922213 530919 726049 865796 161124 512121 669397 332570 790312 452400 872241 926513 638355 908181 741059 107492 953658 162960 563460 204427 522600 537607 434725 251315 528808 220672 601900 573537 590364 715892 275624 300524 149070 633635 398990 480055 900766 892600 469228 250298 130598 119422 754443 733153 250386 247625 458508 179542 938143 562182 569343 770620 885861 120352 695437 458178 610511 691805 166162
432034 430200 145230 842718 648238 906200 746856 792224 320770 888832 221680 332534 637261 221298 848833 358964 861300 989710 612775 313672 929746 986641 411366 814235 999765 271721 417498 578608 228678 492665 635543 995177 582175 210964 174716 848582 375019 871017 921911 535082 282041 512353 415681 503654 347198 428674 200774 719016 699070 589921 189914 108766 565821 638415 888155 693136 454234 539937 970755 351951 914093 219140 495143 137809
320854 532587 267702 226845 990772 381239 683842 966527 660484 147015 243639 315861 321349 669522 717345 663958 176034 387417 451081 531003 516626 173557 796034 249413 622143 931606 787440 471254 133495 913053 657284 968011 541254 643719 325548 206808 589088 221060 418590 162525 238832 222177 512581 962280 958712 929222 893997 194388 290239 508154 275239 357904 186977 265790 280493 978309 249735 386382 621062 959531 789567 696223 248671 139044
126588 559961 718474 248418 400631 659472 203074 719820 121394 545981 963983 932383 207526 983177 633844 260260 179724 545476 643323 756801 808115 229409 283938 768219 357184 790044 863235 463290 285289 805205 322359 248656 645392 152136 530403 991946 518926 918506 764585 704288 788613 753812 697656 254013 313469 304178 569311 211617 183627 415181 311640 670742 770144 565128 595649 317280 246665 669194 974872 577213 383741 426353 162940 876688
821805 506610 326053 924663 621890 231839 926486 798354 516002 211477 515199 139043 919824 773962 495641 839235 757216 462491 495561 278824 198283 872721 140746 806152 628089 520918 146011 601151 321024 718983 618224 169919 983532 470374 139923 342609 864104 819790 506011 888056 354978 369297 108266 658976 942836 830956 242913 596306 134930 911759 354034 163810 608611 982037 626133 532542 543348 618785 580975 393339 319555 759550 326440 449332
104558 499711 949967 911721 540330 488815 609857 712045 555374 320473 483461 250626 642670 148005 677038 883265 600824 752325 925906 715341 120516 123284 362626 494259 475264 470266 978041 274547 212138 208114 811224 132496 683156 493906 660982 339078 236012 250783 652053 691800 540783 346679 160990 459510 536370 211036 320021 400057 620206 772577 795578 484431 143473 708219 962067 270322 722600 136930 221685 516326 164924 248990 408687 745367
533773 553578 770219 124559 343209 572830 465910 174580 984197 136113 892575 652407 324675 504217 873260 718211 402891 957394 491432 791618 365569 701888 539151 689025 119474 385095 160006 646471 455194 941984 689790 518654 513055 210273 505381 163128 839437 780717 546827 692952 501700 165517 879457 125043 374238 307265 553405 627150 984712 253315 800240 979997 747891 600892 995194 597798 324920 551045 539846 972890 900639 694347 756980 917632
555395 607712 826758 785183 870460 123474 431456 219810 690014 934819 872705 935024 702313 334652 969737 492655 533995 737353 469268 857285 764882 315995 558186 623378 941259 781232 487899 837960 281987 462491 266778 687857 198607 193648 901714 801710 451304 444406 658547 393870 783191 466027 454149 822822 233564 172787 287059 120714 304167 412553 637623 638910 143914 880941 694674 944154 418518 356986 166373 948288 173848 413734 581774 274526
819821 249359 960890 631075 993514 255315 596213 456275 418463 318066 411476 949421 898865 599000 834327 356399 685110 430971 644876 800963 974790 341317 401304 908910 838860 426008 839017 192660 857468 758478 809306 205651 727458 612958 386328 982318 878735 527600 241700 383918 516216 733992 933223 327333 394287 203937 494474 408690 837174 496471 522858 495318 739879 143421 908780 470770 711049 480325 465770 227289 119286 668923 869431 168544
637685 853088 775216 128084 767019 687669 219744 113968 455108 173689 559951 360359 701440 243192 896313 216605 941263 318574 148740 819039 250126 287316 534245 101029 149640 747337 712902 634841 594695 929727 927685 613869 510244 549739 229161 607706 983908 611919 538117 811693 382452 603692 530058 279768 950803 517659 513033 384597 356012 379163 367782 402406 226727 611448 515903 296124 529038 289061 422886 662583 324090 365926 192989 836157
675194 769337 368235 566856 943442 736485 153615 900115 937432 767389 325267 918960 286780 105812 323299 355813 254919 963812 776782 492087 284947 287730 465030 700070 987269 927609 571848 104035 572246 233902 656294 420405 827578 930808 155248 594510 462393 576363 662817 563551 705218 731532 711629 860247 660963 511076 469768 226047 803289 382065 502473 269434 119144 524653 684664 913376 472912 911135 348385 448678 349590 994498 327519 144323
495127 437705 577954 337545 593235 261548 527920 731230 111406 730641 122755 590068 579632 655549 191851 789236 426168 626382 824545 594373 131049 515537 254101 351218 234254 810389 871136 227376 737271 953023 345923 368228 873453 323840 648662 987930 248095 994924 984461 991003 100770 237443 991538 777473 117516 448794 675329 108015 567952 896417 276536 548830 674049 164960 529489 518922 300451 259841 495158 120816 333283 290953 458947 577561
720408 518443 100632 809515 249778 933689 309743 912052 725931 389278 525134 327249 615673 636380 342505 904567 349077 618378 261764 795684 132054 230351 394578 449880 734859 787421 461867 176685 735855 756682 787324 384529 494657 510180 445499 738773 760886 956157 765551 958455 279864 850927 135811 891050 112981 125442 473012 993620 163439 204821 228052 480983 190355 147259 142750 459428 773419 464528 936548 341636 729619 817047 661344 442801
976867 117449 755806 957022 233942 231045 737178 113651 601357 921513 597718 963171 902354 214250 390844 419133 202730 770590 327714 565932 876056 393053 996322 173207 756467 990100 906640 651579 744448 723950 976951 388373 425069 828488 428788 294697 751494 733616 995857 434593 543411 590627 844306 295902 747595 470679 634532 570152 703766 920249 866022 885140 768522 126883 265075 455345 997752 638255 561789 790294 259179 569650 364370 892528
214414 981894 261909 733400 361282 667157 705289 429936 938655 613158 419877 100822 415092 432873 299283 994137 940484 237887 670741 150212 804507 101834 944349 932792 493888 229355 474934 307397 883443 630722 543061 683351 188400 270047 932726 755117 707608 471059 687016 843432 850961 726797 741741 191186 177730 738884 582993 473562 705548 110412 178295 342195 402838 462477 816459 963930 563724 810413 928521 521685 774126 175922 987498 221589
551524 404269 318390 933105 860562 943075 765575 723420 146381 771404 515219 743897 696469 421910 805175 475200 313270 432572 667630 720906 171107 189013 821874 662391 102679 739321 879572 128476 516684 451212 397682 114682 483410 984414 706286 164817 804001 570665 355679 209043 397077 403028 117748 513588 503158 861074 316602 794822 590821 154626 603963 784791 448309 379191 823842 746083 276619 131096 949087 854108 918859 823062 154060 585277
389363 790298 150041 747741 401557 484704 634968 582036 622099 314492 955413 677737 200538 961243 103025 158037 654880 572500 654437 137694 936753 708448 836075 870021 913208 337646 292218 549971 693654 208772 974169 339999 454376 329092 721645 437530 324933 154233 731045 264589 146876 433038 443627 719955 557701 545078 782194 329316 730918 184449 920875 891928 772377 857763 291871 553576 753237 828615 827264 543726 672052 729105 686716 523771
793060 309321 325047 677565 922268 911629 647295 958843 759545 932413 856093 661045 953505 518780 401878 645440 843067 181584 959288 228523 982500 681248 525682 789160 398743 862487 533657 553806 836157 505034 965129 460028 234806 539828 763834 402324 126113 282087 744982 625333 514767 489483 212694 496776 810556 109121 236732 784934 513922 231481 794069 820046 904965 111396 371819 588408 150067 795890 317569 471652 359012 166501 814888 368265
659318 108311 386342 512646 416335 474064 182977 386489 317865 563466 521369 372178 354919 719651 579691 305885 746906 780629 101291 421466 170472 559566 674379 981571 185743 949987 995215 390458 263495 960207 287172 225789 234723 903369 975900 588441 404035 594467 740562 893887 842648 729898 168992 975064 186040 687060 658488 841220 437615 996219 996383 409269 638713 611075 874441 958335 960575 437262 183552 753403 583713 861405 624712 651093
844188 846816 376760 228670 139208 953316 850932 159013 449733 606838 857218 651975 151959 553381 519277 481850 105557 110613 630316 471488 756008 687104 793569 907016 645511 471523 556545 971112 568593 825692 618221 950225 301037 343626 906605 545042 713995 132805 687563 826251 996388 906697 280168 648539 708876 367597 145824 645561 593733 667113 964318 526353 993332 693305 327202 178843 689913 489713 744899 763904 296960 122339 589461 128989
478118 253941 921020 600733 534659 504768 748557 985862 508990 329739 716524 739705 153446 601169 423582 324284 270625 745859 917255 193178 401188 260043 896445 859449 616239 233296 734330 616483 599213 105212 474690 669189 305868 673352 969185 779695 532183 873950 642557 518995 703022 227381 476496 699380 296195 117158 491731 645896 889029 374014 736552 467222 739946 461347 985678 291225 738951 476944 637368 275285 656044 101764 168727 109506
437985 387252 880649 968556 176659 528175 939809 143861 793181 896111 480062 185380 643646 429052 584539 531041 777935 595935 522889 491715 943531 342989 346721 803854 644479 271071 871924 250847 847689 352673 955696 429094 929063 165217 713909 647936 475399 961503 740211 155481 894095 254208 365758 125110 205340 237061 850021 454702 422533 943365 615870 752158 358116 201194 598758 424173 712725 390937 182614 503743 729708 974131 126647 726908
627867 700698 638507 524147 820478 640813 155489 151864 318695 161654 178070 638099 890339 815963 886854 624249 862739 971297 280640 707610 129081 419298 756236 689160 878571 889024 251331 806394 625446 169507 785587 664072 969511 951998 728262 203481 632590 348216 236491 134387 956307 356405 162229 346205 755001 980066 846344 413651 649907 617927 961301 927736 788509 972404 632454 594107 148909 253811 513829 362507 288280 966123 965838 719710
940130 101034 521839 458575 917981 565139 204319 534049 475386 537747 506794 313287 428890 155071 806172 936716 370137 508674 614614 465368 788920 695740 276490 365594 463052 904779 149542 329941 273439 994466 312763 394100 108803 404603 629700 615657 371926 830911 342469 830777 232015 505703 797227 887964 718993 667266 199877 201522 179181 484055 232832 988436 185181 266694 420797 789040 355316 246554 588833 407651 691601 927682 473664 546235
155144 485923 250985 183996 408235 324268 548383 501780 548735 593748 613038 181307 946116 527060 181412 296227 925081 477125 908810 621491 330248 575936 844286 121303 770707 881489 638945 330664 809319 432119 683038 847321 470484 267671 640543 298685 975409 514266 365502 645413 534089 252516 390240 123675 472261 995648 254744 479880 896094 430215 225280 290144 283513 903145 733265 975118 727423 911961 331081 911163 132268 762682 668282 468298
349753 463008 430226 710357 873412 412785 163493 656003 247339 217306 910478 516348 765207 434866 534320 554446 216972 107544 708420 148871 754510 821754 349078 933849 966048 602113 673996 183374 871969 815116 799781 532525 957990 520168 192063 978044 247361 416140 121789 333933 638091 267777 908904 633770 688986 332603 640528 543215 134032 892596 731815 955034 901384 935679 499627 380924 727701 871132 350686 453662 478090 724588 707015 137715
126704 630468 628034 619853 607690 370932 537590 579737 186033 128489 496395 588507 308889 695201 229471 754030 218046 301946 110166 621113 137651 854561 449339 534447 199362 689760 179682 208593 225067 949987 603066 161108 786155 422124 201729 956738 895463 651528 154114 690879 342537 885208 196542 279443 261076 495044 807014 190824 599985 169494 457480 152363 424512 233818 360167 802307 324867 206102 887683 404404 556015 864395 651199 812237
525436 168826 961216 430053 117066 939613 692231 489680 146310 292131 768835 737432 790980 118987 112994 847828 671550 795355 439765 828044 821393 194413 878875 305209 679639 139524 716527 327502 179072 152237 312147 708320 952098 171071 139865 581222 810662 993907 340452 493573 195511 384572 108706 637744 824211 868866 638313 993592 526619 290965 512893 326900 641649 841762 345896 162362 331231 568211 267581 651967 695059 153230 194479 940225
599782 445257 960539 606508 823817 452609 239262 237913 760003 176602 419935 864354 424277 321008 147110 530257 676100 679483 880927 675712 285839 830342 512264 185904 587430 448823 980777 998047 458084 206585 546000 924639 551612 398401 324319 599485 363358 140342 235685 498243 231197 130933 356196 903187 288469 439114 760462 571206 637332 551119 122549 804661 922911 244381 437568 154703 169798 255083 260026 462073 112901 293326 930914 812718
116574 569885 755841 849158 568131 943979 876863 837896 582407 537320 387475 148350 931428 691026 427435 272430 569510 899636 975450 339332 334469 848897 749282 825833 660458 267428 576348 748689 404972 317197 580983 604572 711027 588826 762000 605664 524053 208658 150973 509370 910408 395391 573303 657915 897079 687547 591668 937906 413273 828703 521058 366847 874482 410517 366933 652125 334762 199166 300188 507282 345374 508898 585830 795193
804068 769303 590202 837807 410979 874090 490232 558924 343089 349873 461214 649599 535991 859873 464776 848411 801773 222703 734615 660049 843039 149042 922221 408389 946086 722192 370558 299414 204929 106920 305481 841515 723276 551281 314157 316021 699895 227623 325959 922371 744958 207371 147993 205387 840730 742159 991692 558180 845433 121759 424261 336748 856502 651746 471439 269478 909373 998183 921853 511082 336923 569924 895776 379861
389240 761093 527454 723173 486877 382752 360748 200230 989668 342798 382288 135354 563340 984144 682689 844762 458346 183554 725753 639617 537581 377790 945196 468001 220585 826162 934621 350201 653593 501174 144290 331751 670753 989976 920987 571364 497521 816976 736596 964152 762545 954717 536075 507111 958549 231296 690499 864643 362796 997265 969116 918259 300082 336749 994704 910661 230417 738458 940487 759077 523355 533029 128920 442590
130300 274218 432712 213519 541473 868216 894874 855665 289504 796891 506311 330689 891190 165724 945816 659048 784348 440859 775495 489719 303450 435726 245874 670856 893846 733325 357661 491818 263540 626770 342369 288746 951281 746484 136868 162153 225438 733052 143256 715332 698546 802580 762442 611808 351852 423791 344213 694668 535631 400191 118461 710444 548511 641445 641982 756109 992003 829198 902101 474221 982004 105685 363935 120472
884637 907119 244891 306132 198963 488305 109270 417255 198015 377358 979284 120294 274853 870073 500056 172639 251761 177466 466496 810801 273870 408074 216575 524385 241027 714052 518238 828233 843392 852796 233064 558875 932079 629727 205402 762326 723992 313633 682334 513172 838301 283415 324193 913015 777178 632015 778294 977896 800704 664808 449431 423197 164784 491517 855186 971410 534392 203493 980120 998148 496983 336731 240880 536160
844585 447526 892672 337653 570716 709221 255590 905796 981323 348699 933927 526661 442631 849155 212656 312872 523562 974384 299724 919363 657388 244231 311964 765748 745690 725686 789482 908301 979888 863762 173753 334301 495110 829057 549136 741635 463965 712499 941769 846044 584345 165178 292748 355175 633395 837139 503598 650365 741912 956236 687530 542412 760632 663858 419755 505981 879065 409453 486293 966389 817771 396821 310318 578091
705947 992303 547883 183172 805248 663484 878731 799280 418941 181691 735833 764303 961291 362050 345289 159523 665672 991143 281810 430425 856564 390588 256714 343203 621599 338057 537820 380746 190661 724821 884513 468474 305243 904731 699089 840927 894134 904254 101193 546037 190397 455359 891698 830260 841428 823732 588913 744482 887206 722626 116759 475066 619382 443810 565005 708024 317373 768660 635040 970371 358735 622436 643174 757729
794882 336959 371332 244263 504739 345165 474934 690500 698051 372561 467516 688590 674294 817787 239755 481559 919751 263275 100142 327775 998489 536964 923904 267511 659264 292380 595558 360338 350646 135617 650353 880561 834338 841325 496797 634716 335329 840342 844028 193061 296331 848593 592566 232085 529717 108016 533068 146021 502734 468143 770950 764675 653731 482342 836355 743231 562714 374199 937772 231781 647995 365125 372665 734534
377818 291146 334440 562574 711815 637387 981046 173572 789196 453456 672725 225633 966451 492409 736667 980769 635331 562704 642487 522197 139494 632575 223556 581418 648182 761140 671853 607370 114833 512460 420251 602049 107591 677702 667041 645758 735064 358037 296100 927113 450100 622766 824686 466483 108685 118519 565583 430046 637098 827028 645725 910209 268900 715331 124604 903001 514991 447790 441956 295806 681151 403576 463125 680629
582193 104862 644807 916746 270062 530556 324484 257476 496785 285251 231259 486116 760807 866437 147150 196653 313451 615007 599143 151197 796388 666546 198578 989474 710521 315929 808170 505450 644662 334481 682779 114838 992863 572603 488653 346609 104422 376385 484357 856289 688763 335670 171434 596712 911190 137660 926447 728291 591939 798596 709728 947313 490981 698737 534266 120508 774756 600402 455133 846758 294980 469467 626309 160900
382369 121380 807392 497645 947573 407664 744274 172394 189397 879869 400227 703458 197131 541454 124891 756814 647636 298447 902496 801812 969437 142353 862407 146993 463082 405423 197695 191761 112897 729074 187811 201338 832581 685613 467694 220180 272106 508903 308253 594057 350237 411727 488662 250420 302140 949039 722987 509782 236225 551876 843813 725661 156123 287253 762384 359948 438544 686502 885519 273631 669370 173769 974962 470078
585396 198050 157051 490362 769859 553526 237387 955978 892167 512118 892272 926348 863946 821438 842271 319996 977830 283284 602621 409674 602558 148306 296145 821205 106586 791007 392849 239156 248414 357188 810414 919591 266209 209919 105932 169229 506975 352100 602240 799942 989607 852820 892141 130077 134841 450228 857270 242748 448852 272818 534276 932026 196769 242219 891872 370554 149915 660808 896004 474021 945020 769935 107774 948465
269487 309218 872967 810502 816402 334447 504242 638459 590501 460043 574740 395335 609180 224326 221575 346599 535742 311450 461148 527784 756386 968770 140893 912282 693220 848213 859649 276269 990431 620876 420508 663780 475470 825239 599196 889163 355405 829414 597996 233544 271493 876126 597542 724039 564292 518364 343667 558864 732471 528075 722945 944172 908551 599969 171257 709606 574706 994763 972392 361631 391713 762609 239310 687151
830260 721740 881543 569369 164383 421476 381018 909605 879160 253922 788756 437668 334923 311757 584473 347046 517153 453549 251352 283892 184644 448771 359599 296220 395112 660891 153046 490059 453912 967666 603917 249197 310700 619153 301572 328198 731599 554464 249831 681231 763838 148341 771451 458816 374109 227049 129536 865024 405023 745378 644328 444484 114115 318638 348135 603633 449890 883155 627942 957908 512879 970967 701094 905134
797896 251061 646762 650965 487709 287137 860613 455392 742888 709966 712992 727948 210546 294470 804089 337277 933804 816404 765817 175925 754825 791299 816896 547248 390953 652327 147944 732650 709176 367172 274482 792747 385188 604282 477155 444712 362765 979810 293096 729714 897235 844815 196605 809332 984037 529981 581921 481063 475192 182426 155554 979072 220827 717159 467535 648348 405068 994082 739622 983941 180068 120747 701044 209672
914922 469163 510484 685175 350210 223130 707186 184753 372360 518349 530070 677603 657322 525081 330663 531558 275391 388761 565608 466611 384776 279218 314533 851981 721217 881580 251964 641953 882283 269654 319959 778336 366060 973838 818556 286112 795835 713180 565617 263030 448789 477628 931997 276895 904099 665973 969682 418489 790774 618497 648504 736261 959367 546553 919170 878663 817558 864357 237789 575565 815063 531102 144690 687706
793938 575140 807274 915785 206272 733080 862759 867885 706864 948315 175115 416449 152362 629498 804860 674162 960879 576740 711683 596881 619063 169628 797917 573893 128464 798664 321841 956348 842291 305732 788570 727759 476369 877925 335836 456029 287214 401612 561056 887469 845649 841681 566777 476781 895581 252730 380954 511085 809170 844663 561310 322228 800446 135516 385850 453902 894672 314390 921745 210368 747311 363964 534818 350362
157474 209884 884772 972441 214755 980746 151238 702743 309256 422060 436385 292737 398698 514322 784933 119702 376724 574248 138294 242907 218110 132657 488264 344538 588367 313822 370841 899219 148761 287402 623068 651192 699170 764114 809998 234918 639657 323862 332849 910025 899608 839526 173309 137156 504579 845296 805279 114921 188605 646729 138141 721345 689646 629172 273261 964117 706110 193465 684741 213976 476502 866312 521446 195135
576118 600435 157858 141407 520143 308265 624341 582018 771141 807729 936756 256382 751357 188168 877498 676906 816305 744162 302934 245879 500045 544833 380288 905067 732574 653129 649462 117040 755797 240767 843594 726965 692745 230553 816772 549848 433941 846934 645498 960508 497128 549570 266790 423041 458468 567843 460902 179018 953768 231724 793206 193383 722805 612272 855319 201173 699674 922150 565434 485222 460008 225415 126666 806729
249822 133915 690536 208919 272348 218053 350791 561801 214579 138700 574588 824593 800760 697753 227351 535582 606563 684912 516840 209343 728947 922969 794918 889765 995518 770845 650157 335683 540195 106804 392260 773989 470140 591106 376350 617173 497600 193026 537350 723953 952650 962111 580868 392837 548588 166825 427541 158406 329409 116094 254704 203623 739606 314698 816892 158506 483872 128559 367992 104595 294065 592357 240241 491693
