317340 179526 134297 173186 483508 765533 206770 707189 961522 477550 957775 924935 910265 603712 716141 282909 286472 451550 706393 332469 686597 859427 483835 106737 205666 919725 755775 267770 985493 696893 717365 472450
950799 876957 354660 339418 504697 741519 830211 717111 941714 921933 938607 790449 162541 668406 369459 732978 490034 410839 566464 253488 476017 789953 397468 971971 472966 235757 163577 850217 796027 795263 239105 900014
179776 766963 685498 979659 364838 520340 106797 407659 293317 468092 456789 813993 281567 102136 247834 851642 368490 106479 753271 698550 549418 243492 585881 416715 496331 476799 284277 159102 144860 784865 248062 188704
857164 265463 761371 792846 876594 886686 180248 137463 619243 442363 476751 878766 597772 973459 609826 279240 687556 206583 548272 579616 895782 469035 370860 681152 642431 672725 273823 443141 911962 468294 909347 831907
789820 571719 791572 122913 922551 332211 366303 469725 697299 276283 957161 159733 265663 898247 769522 736867 368808 238831 721372 109824 325536 461740 833733 508162 703750 228184 317402 355812 444941 340738 720367 404920
885378 378403 197793 193579 396407 143437 105179 343443 828784 340145 155729 195439 222475 703229 478019 465514 683663 443018 943630 339361 449161 966462 450614 192380 808863 630676 760302 455106 869591 647096 278608 591117
210975 468625 348014 306282 494048 157229 595800 125243 748242 174302 593873 538864 982233 696597 596314 588125 546491 582612 235621 890203 921317 755835 869955 169216 408183 392872 698549 453239 693421 141523 138276 630426
233371 397171 864109 450323 787090 383052 755450 930195 542311 836400 735297 583483 647121 374358 807364 308949 602935 605109 819520 284553 394456 658694 577236 198323 917414 119944 971700 624565 919449 750609 836222 374560
942827 832429 251299 409295 345208 508776 911297 147093 603159 129072 609302 989134 173811 798482 202736 464262 886977 608903 494002 654733 816732 416311 572118 927334 509059 117645 583359 401503 431320 902279 565583 139528
326721 878091 667763 310256 264939 585717 519343 966920 301400 593948 899427 239653 628852 161454 410463 517695 361049 241322 698458 702057 142680 609753 830812 145989 832795 738670 557570 594763 613928 532296 362596 838811
289191 945249 745018 615670 184382 331562 248532 310865 284235 957293 657249 598221 841764 484582 672909 937226 683724 743112 276117 478226 757662 869730 503425 360167 188409 945489 402311 275433 317164 213976 646981 732653
118195 253594 374998 824691 853312 113286 853062 406928 424991 943566 318243 911756 388067 681825 759713 852586 399582 563265 439550 801450 784513 232015 505588 799250 236118 105519 444197 476155 201927 218501 473203 832699
886772 796597 626722 974796 372075 353979 482425 573041 635999 811299 745359 648131 803176 309018 512380 467260 700738 892769 120144 263301 600369 650284 908065 917237 127898 664606 936689 799255 706386 493467 557644 193845
186293 260670 610028 601848 185096 783560 253856 778831 936354 418638 502312 304950 883891 643422 242527 436730 419398 372987 689715 203067 419543 449089 804095 272339 265962 527626 183606 994460 719195 601401 391289 158582
393918 507284 729557 184971 779896 108736 932657 152541 587018 373925 760841 174632 212773 108395 519867 106269 141861 274423 442784 686812 251935 608081 642968 225593 421396 517569 772005 293237 302789 380746 123615 263359
326934 552368 132076 503616 949132 551668 313199 805000 705435 609690 530080 338981 269729 320757 824594 661605 926187 852439 772183 262347 470917 249175 840834 336584 308080 416430 787813 268265 439154 672036 970269 347903
198426 864422 681420 322558 180670 989275 244811 724047 859450 752860 202183 874167 461872 813233 500757 446358 384387 188066 845274 622471 284654 360484 916235 450554 619480 189295 264519 634516 368559 190397 868067 444647
608147 537570 674344 243145 542787 977433 836004 321859 534162 518803 827581 300284 940757 158172 986616 713621 657305 945718 972238 264171 991798 950462 596199 192316 480400 490809 329246 947122 291196 792073 182038 601211
789336 308540 109902 180107 203508 340059 828360 831499 429222 346775 705176 678075 212423 491650 422626 817973 498743 334362 970254 625107 915444 598930 939174 208051 164026 868194 665141 236725 298193 425242 115796 867803
807544 468437 593956 159085 424118 234997 534641 515020 367535 414913 536628 981706 203042 684050 888445 528387 560373 213442 663622 527380 456362 294274 991299 981650 524701 496679 739682 498772 970443 924744 397020 253242
957075 536178 598532 886319 660121 538921 923641 324825 913221 174481 928635 435004 155815 977724 782921 587970 875265 343707 511919 898354 625172 728347 948497 292011 591604 622756 402243 490856 491327 608767 492535 287325
543473 440719 558243 958811 861658 842461 975303 977080 864110 604273 439326 796803 105729 263763 471860 862649 286594 329703 888519 592243 759384 233419 286543 298724 924230 346958 214982 870507 927261 170666 670145 433897
741012 891358 257037 463578 660067 379817 699025 378821 209254 838715 382631 352766 605091 740356 831376 924009 120856 594394 877799 949884 533504 834451 331361 866906 584176 969210 372134 175230 569843 496607 382658 183614
400549 325324 209350 835117 464709 201895 290983 502866 663300 906835 792957 827321 645022 131225 214061 959348 794563 176666 489221 416891 537472 631966 528679 442626 453620 538714 594870 553263 128609 567143 531286 681444
935249 986606 961096 743145 829662 453108 508591 266389 182661 897846 823985 627546 726769 170686 129255 351319 190456 687848 420700 822361 530490 455220 631832 306382 426426 288247 342351 941451 357982 910198 278899 808314
150420 248375 678832 434002 163311 482415 110215 645793 285715 481510 615257 382782 762522 419833 768240 933941 643506 455212 865383 124872 878950 627041 401926 656106 809803 855238 458903 183821 331946 136630 889680 858464
141266 596473 639247 400168 382795 575249 854664 511502 366844 109514 992154 218244 944819 196035 338814 480434 915365 172999 407434 734100 238587 872765 936892 692060 493284 348808 305441 422479 158036 900185 423752 108631
679540 889728 874145 228529 970296 212735 300822 635017 680486 466337 529917 545760 726316 593866 858276 715931 708983 503233 190653 765000 600732 119747 146352 163507 809476 910698 431987 465753 737069 555346 939193 912024
145121 845205 359046 346877 417645 814134 596917 707580 937456 473296 190486 929945 506060 257813 229849 849519 442681 107426 500611 839330 271713 299022 873395 170276 470591 279491 544954 923064 883298 172194 868783 164332
161521 273301 639781 173045 727615 988697 509789 990645 738820 985493 238802 714091 575950 950232 277360 566165 447649 523270 119633 592655 137453 193226 718677 870463 649882 164434 589992 976626 287563 315721 405349 907724
707819 976515 640013 594146 985289 872726 231427 449013 906253 434975 612892 874175 264802 693211 246431 116034 198179 523442 743105 468265 167347 879517 102086 834669 491540 485667 694339 362994 286999 967946 640422 205529
741249 461812 201201 115218 250694 229068 897704 665630 496295 179880 639489 411588 540725 644625 876365 934362 481116 586722 439476 357897 998125 604148 582243 285320 959791 594282 460214 527987 141304 377672 112697 865283
