576488 184936 684136 887118 724756 874842 838738 233788 757256 987463 454117 541882 687428 195039 697976 552869
979047 739644 427307 353855 240943 756848 581192 396629 826614 482652 395279 456595 812397 398325 358715 537470
689786 783409 412766 837568 736570 578113 632912 679466 680147 905762 877854 355810 478331 145172 989103 846973
636318 639102 397978 494849 686671 544921 852680 711890 133867 232643 286506 786565 231048 298675 709861 750535
140809 394507 966062 176815 657933 758496 465896 849649 239487 717126 169812 968934 403146 862365 867084 636489
525239 739748 297511 548604 842775 257406 101468 423743 440909 106631 530478 838480 116958 632644 985111 115802
877650 886516 491276 277857 102207 433337 935550 209644 298111 697143 204716 402813 307296 272758 948245 664604
877767 881074 106201 773837 857493 827726 259676 151425 759676 981053 796833 160586 521050 938698 911475 217644
748093 506822 568685 743491 737448 691893 852940 352215 686703 631350 243742 344395 765741 772327 727723 554900
517426 173863 346686 293984 911905 471309 399051 605679 769698 130623 816275 777365 637664 264131 828362 275506
671476 937421 986977 651042 871056 796950 940361 439260 130291 128901 334040 578654 835260 446524 988354 737209
178457 920946 856006 168485 766857 775892 679234 912914 649778 786072 508639 821976 519880 979158 386935 191335
304022 321582 246728 337919 989538 613956 612789 688402 142506 610140 554971 661940 750590 770662 926678 278444
391140 429748 992474 506349 195299 332039 239588 613743 549094 685077 692759 783630 687669 758814 207822 288332
612367 744557 341082 316687 482465 739753 640542 323966 667406 846456 767918 772276 833704 864850 893659 384806
527018 925592 415758 517403 176179 401919 168902 143584 736073 639644 641243 231750 163479 895780 364563 567487
