827534 391585 100562 963147 193534 479156 941751 804216 590871 583862 462298 476759 752700 566085 258284 163129 610197 945741 280586 163046 141391 960210 275838 606453 746520 832544 691208 295180 678746 161930 287513 543726 194001 620694 267971 395957 544423 886324 959535 460985 739726 215128 650119 258518 167089 643538 127139 730545 812828 694817 144258 200232 275624 854157 123924 415437 786735 705221 181069 196729 578797 469545 390771 964183
764005 595998 278807 658016 788228 832419 845370 145448 236117 826903 922157 865280 902036 172959 705703 568247 438197 829889 998776 345885 392287 544596 200329 186752 274980 310717 613969 534390 282987 739738 452076 470129 261559 492059 262340 257028 606500 798087 562023 488051 655420 574473 845114 197864 259705 133547 195850 168580 593748 159659 520274 857467 352768 284286 864245 588763 839250 713535 826584 503924 416348 559117 727431 992728
112450 721665 418501 568125 331420 636294 949435 638525 399387 868091 532245 959243 180046 867239 903358 825945 336397 697575 772308 207329 214778 868977 459424 196563 893268 351342 336877 789961 831841 316975 603860 384971 882887 716757 405694 192293 658389 188233 457586 814419 181051 516229 279809 442672 361705 501160 320278 672668 449153 655653 673892 189782 150675 796503 914845 451463 176435 804270 261487 266993 698945 249679 614795 191117
433452 274536 827562 255442 705351 430993 268308 804273 187776 416792 339582 360970 358297 794996 398072 891161 754373 347678 639913 649985 791809 438775 923398 366830 810160 311800 187507 792086 440545 633618 125241 164953 126512 823734 379375 604334 126109 558110 729339 241494 410648 580421 786326 266568 957934 860164 204723 630869 837113 407528 438674 203653 699123 298711 441257 893659 942652 589809 216436 217753 925093 507672 631332 314197
519947 841976 508348 959045 838333 138363 127591 625626 823255 264371 478002 339237 592396 265087 857762 708385 108724 931810 793219 260757 831555 142767 592677 607473 783137 105289 236751 262109 431447 327621 564199 345205 814650 127662 403028 492437 742409 757805 203302 705466 381048 145266 563908 994074 271098 180146 669502 253552 846966 775717 176555 234460 702294 563400 602670 133025 376721 292700 818506 726768 833683 970566 524068 987266
413598 935318 464756 661413 354235 119240 628201 831392 283019 615343 512705 256866 817809 880105 286898 763608 481466 165913 824881 474904 573416 462183 534191 206136 197455 441358 662854 658194 191136 736334 952779 194850 554810 538689 662345 901979 766130 619612 178589 265945 334454 596593 789381 325152 649474 734703 603153 235754 941555 967728 429172 771187 241580 158686 714745 727032 509295 560288 102496 288631 190031 345473 354782 507081
345750 125915 477982 382142 561256 989429 392295 447015 338238 233623 909133 891338 450545 463772 767769 572319 895196 364421 227312 308973 775813 889796 251256 347085 815370 628205 855083 216234 263954 583734 994839 562188 797874 376506 159716 264718 130895 564791 246889 654884 354136 733937 158152 310241 934736 270921 374519 265129 574704 630501 894185 958097 386728 716428 970039 394752 171775 323668 804053 564291 290599 678747 547896 810038
450536 518114 334295 159838 554423 500391 710505 583837 844170 856749 435624 838230 860449 704558 169778 871492 252072 579525 814799 550397 942958 135855 643071 171166 773025 401002 493455 647106 636803 453357 200920 750129 868784 474907 500207 794443 953854 179181 726768 233795 677905 894959 467619 985849 389257 335644 851772 603418 984805 444883 788143 674378 741030 292505 326813 907220 727741 468016 984614 792364 976169 727122 768114 408866
214670 317725 853270 666886 908831 911866 311226 132283 825320 562710 621822 460433 269989 652896 344809 167489 574233 253369 258645 846469 328287 704848 498673 986156 973137 468870 212448 653025 366752 308645 543621 530303 486380 189697 470928 180547 654723 356480 258824 475090 343241 645774 848782 374245 160204 767999 389868 930240 157002 889300 141166 572911 985470 330099 861881 955430 383923 641368 954275 255144 788846 640707 122982 970142
765617 116221 621805 672925 899785 945403 805148 873176 995242 444437 658293 976099 864682 355757 646773 623966 294837 879364 508152 348480 696974 380449 130538 133538 429091 773090 652494 737589 620894 324346 712581 624002 633896 919807 569184 434009 356175 707548 543312 283315 351450 261044 487115 209457 918485 248124 516515 339471 376855 492213 267199 824818 447749 857857 852216 492868 316944 831866 362104 538441 238374 280959 409609 283690
492979 264173 652560 324488 358749 388725 833709 466446 831560 204715 860469 435244 791109 702486 497109 394331 711339 976578 113963 243215 947918 243341 819422 657187 183577 602164 432650 821404 283168 789006 380969 793569 419679 419747 790740 777993 705298 695590 469771 246596 920706 462287 874928 846220 998958 673102 966667 515658 189715 287414 279716 742793 348736 216568 316196 585324 222175 526883 670726 616080 820316 739929 695801 334412
227998 806279 982967 237256 282904 604876 690884 762128 461008 898968 837568 862416 318059 860893 596940 164821 881894 414294 953400 769696 702115 930577 589962 550147 121059 395780 632785 110246 182258 759386 888515 400376 128910 477984 640518 885090 999867 521868 615900 356125 857727 615939 823220 985960 852721 227252 717655 506227 229213 956151 831660 866679 904191 687116 801797 734027 149542 775087 675682 437583 624303 733696 299064 216699
312747 930684 983976 874593 115838 322753 294733 992177 944874 861224 132873 766555 660751 495082 643742 989690 715472 110834 693232 623259 846965 952882 226316 737526 992871 723441 416176 268546 356885 889456 327560 775464 497398 641043 751203 433298 478150 853640 797830 822457 155035 159682 476809 218509 957412 831226 112554 604017 437102 372847 347576 738645 106349 678204 450401 208883 923046 492173 166845 138766 629547 988473 167894 383917
135880 186783 804221 574375 282554 138329 473025 345860 436834 211621 353647 137112 706398 488346 997823 528800 189084 832964 890030 434885 697708 449659 911043 526588 602423 514272 953761 916256 924501 472672 268362 331121 103940 283288 941477 848857 817157 945397 193780 118975 469221 841992 886508 908688 677502 450666 800806 833488 323135 572365 967836 776113 960311 860004 696627 874942 450384 901555 566564 499560 984565 221677 655435 786731
162946 968314 516415 988803 145861 351779 766673 913254 294119 625809 388214 655659 194774 513905 982679 990342 930576 302741 423619 989426 533284 150940 120715 497944 787745 329439 591353 670310 578739 591308 305194 353663 837990 825613 581722 449686 782561 349912 244778 676843 559664 316411 349757 713232 595091 591017 583281 415270 308374 793068 744846 472987 930012 412462 640917 131002 448361 737168 519171 507650 957439 120272 854179 377390
519563 653682 635438 514628 448088 636897 581128 549631 880354 691332 418041 956192 593234 226486 544451 964729 852346 372995 175618 784632 293740 336577 767738 928749 904416 611610 475493 971625 283003 539858 697766 235247 657938 227960 460332 784302 848834 813031 640536 391731 876666 500603 809087 212861 753821 722228 942513 738394 776991 822435 313784 482635 811988 679981 213642 508495 693650 122236 958196 126759 488571 419787 383452 296480
536110 736184 155856 681745 136725 969249 458591 320814 471552 403461 307967 454214 200114 349817 539145 670398 149056 744709 317952 873530 835107 409460 781503 629198 881475 309224 795941 533217 292013 861222 332409 920421 652053 807067 782675 292243 483454 272513 695910 180611 161935 985177 554796 373722 685532 945570 309586 799661 751989 102992 971875 122820 312065 428084 238893 842671 332489 608013 910691 132386 955712 586196 224049 598545
477821 930871 418529 757299 308215 446789 260525 533694 740628 577621 116199 904387 329991 908719 720915 592966 725031 532083 242536 506935 223754 989970 476368 759813 639833 501062 309188 975054 523194 141164 330585 435176 804785 382003 539060 937763 506651 880046 423822 302264 215497 461327 586066 342326 486491 690042 907376 748353 976283 837638 369194 736857 570541 249676 638268 676939 945418 866179 258802 415411 385496 469430 370900 296192
266564 154557 819455 684934 372880 695838 992719 824478 876535 840049 621426 887172 866135 939890 321815 869022 252914 447921 117368 730811 285754 163343 129196 297345 668532 656177 946242 407713 315767 278900 748803 156530 284112 735555 951242 102463 258955 736939 652276 338685 267880 702710 968848 596037 310448 136029 113418 783374 812693 617188 488695 392111 465739 593756 988802 296608 598496 981653 564463 904314 108858 916750 664640 257074
242265 664239 606949 368761 409629 443205 713621 818331 104255 629352 309575 129463 845414 387172 346640 699839 604736 421104 956185 294236 262069 788641 340011 471538 196401 507918 663105 425222 875317 907971 538560 120667 714047 552808 459818 667953 450041 421809 465027 579663 575546 608280 711000 875998 464617 725915 388003 309790 392002 928409 191656 708596 546802 197123 103667 727907 832845 578366 470785 495243 145295 335785 227547 138946
137467 990234 286928 512799 966527 450701 540841 499147 120524 535608 382598 561579 438505 975775 319422 117336 328814 964243 126542 493723 813516 585805 197902 562664 239379 461338 328445 932176 664282 689911 818468 669704 969391 454097 572577 565411 870702 589697 424816 838321 814696 631611 297299 758708 763890 995941 954319 842335 893030 851989 556017 657296 354497 535935 652886 318152 986630 806623 491877 724671 101247 866170 857240 677125
722480 595936 261111 537644 212114 748091 796415 487167 689689 579528 503459 855200 294021 334825 413897 808403 969063 307560 725885 137905 940711 345117 267833 766249 512005 137119 340278 480254 516184 129535 385629 585885 941979 286818 389229 847923 449767 569583 120627 944598 194222 908677 940223 729947 490865 807026 317887 547957 656041 940715 900224 645347 659856 579944 754516 210459 401234 830834 643607 417539 558015 118603 710123 325574
461119 671115 126081 573073 647220 244613 255609 802576 422777 442203 358035 264020 148130 629257 922377 742090 189119 158743 261624 937586 367848 128591 918971 178347 231218 672156 722233 926991 991257 373564 254717 258973 657727 962147 658665 281859 268279 397523 186405 329564 408249 969318 873404 490869 558520 842694 355605 401915 485237 901282 804736 664109 259986 678332 320638 313039 442247 527488 286268 636000 777887 607811 440870 102154
735183 793496 791360 828119 226476 560806 998308 837687 766745 693865 592687 847944 109930 237729 774491 392318 942244 760099 492579 899214 826746 255333 874086 696958 819765 321252 961358 644706 316947 746710 457479 800992 116991 487583 552040 654834 793178 387522 249774 131354 421350 782646 298826 716469 576574 412102 266934 416123 965109 714886 730277 347086 610142 305157 962530 178822 467506 781797 837151 700758 100502 261296 717663 347300
131517 131335 174780 851185 339675 696446 145414 503460 860458 853637 117140 923298 431765 776308 292691 477722 725871 168624 378115 985223 448306 745886 258896 487945 836005 873905 203243 352860 769036 615809 700128 630886 199239 512212 814622 839817 792602 309502 314856 290046 233395 747324 839746 372511 797863 818096 424268 889686 677875 420524 357775 585186 145793 658570 926549 182650 210773 934199 961179 231516 542962 934912 111823 240540
186790 351431 996905 659212 361784 615308 724626 618040 379585 436591 993303 472519 711518 406010 761005 782678 639093 412132 922945 648138 196907 643979 470515 947812 358022 808627 474957 888748 107474 908546 618554 192526 988040 539199 459108 561295 443149 359388 935306 488561 153298 864581 486815 281737 915575 953198 159775 339917 821658 226403 141825 705641 375915 157962 334855 590858 676625 946091 794561 186710 633393 250576 526881 598115
666896 381314 344263 142030 598666 416533 591570 824971 828047 420230 714438 121649 635722 389936 802101 405555 668794 385102 737241 449621 703380 357981 222995 349764 379016 698673 191300 912313 857113 797870 594050 619495 640501 554686 693236 714952 536310 316305 894868 345234 696483 824916 866884 595117 971048 716175 751608 620373 700905 105708 652185 893420 990780 702847 641947 288692 447097 566028 423771 798201 903378 908562 616350 927066
918761 378897 264056 864536 866205 257491 980185 406285 486420 940110 765530 394784 589278 303189 149172 162461 291567 493690 908373 265970 766468 904452 274814 943062 892161 923198 238341 351616 153648 655865 105894 454154 776371 976938 101750 287569 951831 437918 651445 134912 454598 846093 411938 242322 451570 687360 547782 986115 429201 733476 161322 229691 631068 494614 314623 738584 590909 823885 625325 362021 404633 296584 891021 190687
830342 309796 100474 379726 640962 425907 946220 900249 269953 996260 716917 525328 616419 983211 133446 245935 648908 346702 992743 300713 672514 524347 365582 468320 274339 853197 100698 583822 948663 840740 933245 441181 992406 515041 991011 230508 589190 591994 238774 942621 373508 347936 698685 826302 188331 784145 824178 935853 384374 846868 104545 911801 950997 691621 167092 872942 352870 859717 368386 489766 556754 882110 350301 714143
346085 564311 390576 981369 427022 477467 153417 195214 434601 866361 302061 151282 114228 795789 793462 693915 881803 248754 842923 650769 808969 165755 403493 708887 230500 132379 189374 598092 880779 596674 699872 741125 785912 746778 626439 888542 103536 817367 651976 979606 267320 376190 187600 206107 840084 334650 140000 682665 130579 326863 901308 331365 913207 562963 791741 349011 748564 702471 788706 946966 322103 383380 855424 840083
585626 933512 648883 906782 328940 826869 363517 523899 739129 837643 335919 843443 445062 864196 414417 240633 225511 951474 749699 323755 275762 162983 383332 923606 401162 397529 552421 853430 690206 671242 376703 518326 933103 134187 856744 636140 162832 887496 385040 631109 308265 203796 943290 197912 238397 713126 416684 927403 856977 973433 688891 811299 249381 144001 727192 110758 176342 613107 345490 671556 406300 168000 783713 949882
132269 407415 638703 943400 833308 120197 417043 332164 521645 343719 830191 831077 143329 419992 986013 411612 612828 403246 385226 882493 930113 457904 328889 698493 102887 196426 106846 842020 675942 541528 780199 122298 975056 184872 904709 249999 725606 646664 656039 796071 948147 745142 621825 503022 995454 461039 857559 278852 535597 602670 832392 332028 447376 938845 248498 570013 319017 774023 478403 976844 868444 972415 688618 105027
113925 892873 671192 484455 727072 301178 619330 300075 599578 634945 494474 361481 805380 391557 134111 840074 282653 594268 997696 114735 675913 916828 145389 497667 812895 419534 586210 338155 722926 342535 930163 200680 741052 279879 479631 518549 792074 899613 798759 515492 653083 538864 769646 873042 168491 262052 394746 647204 364502 835639 130973 565187 370476 864847 604613 531882 386946 166977 862960 439697 246978 839438 884729 847038
149893 289468 369133 630851 432931 537018 807339 334439 429743 623115 444210 437843 381810 142070 338952 732623 108900 714742 479783 262764 841491 274346 567064 512270 671274 898887 209078 497640 194700 516215 589912 353061 497403 527543 775234 977111 499476 133488 608794 394972 295743 424510 128349 641448 121900 600065 628899 186146 214101 599510 799664 986993 278249 527785 543920 922231 346330 576241 705385 257875 954478 603729 569498 342786
113301 549786 504975 905152 460225 749928 283597 300533 925391 776083 716886 424726 931115 960736 354107 759842 856226 788374 529410 607525 896261 771597 901378 748044 793171 330045 259929 397695 784571 345305 128025 620670 242249 674454 220305 643405 946256 321551 313750 522574 838471 869175 951743 505792 884226 817423 825803 227807 969158 885492 827149 123663 569202 527112 155208 630911 846113 467422 345115 593116 254975 577031 265980 178256
847138 181780 695986 265946 953442 185323 113586 386787 622793 739010 295902 865184 664547 444353 487310 246331 741891 799803 320999 863001 750702 658996 642511 188227 420570 286234 214317 820520 193569 417612 219054 550102 336432 536008 535994 416295 244762 720124 738101 614444 839695 815574 580684 339523 332922 713741 582105 390099 851947 282109 749442 536254 813020 202107 242344 779932 438213 505306 443390 613409 245417 901117 266852 512078
433479 853344 417735 790670 152389 882301 735671 165043 895785 870715 592500 225968 871123 795378 577397 245958 552308 638469 641062 319533 398930 754745 798564 281161 101590 531879 414604 250962 339053 823475 638792 893314 603372 528624 874788 762359 347666 489569 133050 328581 583671 224480 847848 515335 440121 581006 234209 975748 244882 758070 834023 679069 787251 809718 566890 289387 545987 358351 977470 480543 746164 666010 320774 340299
973323 678053 961107 874935 539687 663122 667992 589093 993336 455067 287546 119975 869200 351549 114657 206099 605345 307760 746134 768662 638896 829466 203203 746316 542557 860718 443845 479336 330142 345980 475180 448205 441439 749407 172737 398068 722961 319898 854147 675433 786516 773236 703456 769226 431921 719416 635563 198705 320053 958436 908649 746705 277349 252248 831209 685456 509691 780668 163687 378756 508771 739298 504281 445767
848737 213496 134314 872978 114273 578309 806656 357428 997962 989895 184582 837776 302812 746448 719779 235286 817035 733887 938323 699385 604439 817156 671679 432189 310811 887940 122454 180016 776907 655556 318515 775807 980746 704151 298017 782495 901398 593782 379252 357140 119546 801684 302425 848498 504044 138536 224539 324278 262029 170063 372620 775752 483188 510790 456783 399258 632906 315910 408264 100037 859323 683484 783955 314737
854559 438605 139880 141584 931535 206362 576757 685113 206541 448126 247322 601059 555992 645402 718808 398382 793565 864292 575203 936082 962720 437765 130298 678122 763489 956118 734720 579497 756664 503611 443192 544985 403011 213517 137300 207369 839888 398888 645476 673430 616123 422907 693109 589547 934192 380225 460802 542774 918723 921595 306735 938581 123244 486794 534984 162970 413446 947984 298804 151264 307870 650980 979284 416064
497267 934364 113871 188398 798613 777992 481350 336251 969714 336985 236844 108538 982713 923939 530018 174380 335788 383874 557505 513705 379344 857376 239748 947648 835134 756344 615153 532420 709191 825672 886592 196692 730662 267022 153193 877731 476732 144293 644384 279397 785144 191919 938521 188302 415497 659171 616979 123061 563726 255422 120705 498003 460158 952167 462868 818119 282284 262518 732767 189400 473202 202615 417094 613932
984110 528138 126914 933387 958529 330458 558073 766110 884464 339009 932710 399115 274151 358344 202341 566598 836235 730155 959247 463757 138101 395722 952498 457510 815785 551981 433973 709271 642372 986379 462098 672391 669082 164872 448397 112799 223446 182639 322501 367018 921055 779949 743463 161383 601249 281896 494754 354040 211306 190032 134941 276754 521638 626847 873680 839176 186522 192337 651471 683254 914202 861417 628532 154533
609635 238617 452625 799431 646056 496360 120670 504599 131123 560892 208271 155000 127097 327459 661764 826436 946601 139387 849967 593876 847320 485697 452845 562659 787320 545758 865013 198659 218254 355740 353389 751553 686043 618289 428040 808673 762915 416529 817109 972384 526948 940013 141150 318573 369739 144378 683509 796036 654320 371191 797051 241601 900833 392363 889155 947907 591562 289665 217639 561154 140657 347135 190843 186691
229977 590659 941808 891044 636062 190226 881159 309869 586722 744458 448220 124070 237583 371819 552263 249440 170108 376651 689265 230142 509391 873266 814513 341501 742312 604165 411577 984616 576133 198846 592551 530142 575482 747261 778949 919871 317841 738033 226326 602560 109634 638507 533432 170981 706326 996889 744744 111528 362344 815715 733117 425845 166752 902860 921232 247887 255884 855681 977105 858630 546389 397555 318684 621723
912212 215502 399999 897252 885567 510900 213588 653222 905813 631434 780128 876865 196823 638188 140391 945790 227321 986506 992458 688032 331859 158927 335194 238030 234334 715268 620271 301989 775214 205360 206192 987059 633068 373028 800595 678041 991770 844327 983394 162353 893007 313041 690717 927404 297382 963620 986232 143022 177679 566227 218811 467193 870472 990176 249193 566401 734333 351471 354285 588311 334464 409936 372703 112003
688551 811938 460563 191645 567432 803361 820857 406604 755951 664164 679788 504021 315606 220815 911720 214169 276686 564552 968486 652311 144863 227486 360281 638265 885248 726988 139317 948345 521795 680360 254903 262704 108215 898045 864363 521122 102336 567825 581699 173095 392163 331881 549537 241061 660698 839469 182244 995391 843599 746670 177106 776722 449963 984321 453406 416647 645542 710914 877678 657503 346128 677447 979006 524495
277013 816286 753798 704965 211996 119667 933075 464025 517873 287704 415044 379237 229160 574535 191402 602627 672425 449486 317278 836441 462449 208106 289222 440916 803823 828435 478146 707745 312155 912531 422173 489243 931666 168381 880366 102423 268755 598600 275062 915505 950666 357995 778479 295873 275371 202958 354260 841891 267826 448263 729157 376527 830847 194697 293357 475895 357740 265603 878760 255990 323184 272096 852962 405229
388786 254746 914923 962172 577415 853498 489130 891159 357131 557895 241104 804085 257016 437327 214852 642883 382577 547550 793652 467812 498983 517408 740946 958715 795533 199116 759354 694751 520214 824965 487376 890503 373823 436685 372464 867922 641998 243842 501270 675289 251349 490204 695817 635408 256180 331699 527374 379257 921610 805205 776273 576004 168307 641089 735225 194712 302063 277996 855752 704130 496507 131365 518902 531021
970466 899476 804518 503647 201289 423001 545371 864740 304508 969645 960321 949143 142610 196803 175111 888903 203963 479402 554111 126672 696172 169942 579969 253001 937313 612479 141499 655883 466730 910302 272263 813338 559845 231682 810143 114283 364498 281678 467172 227645 822246 927227 420242 325473 258111 755036 103886 186000 235517 837242 968239 232968 721752 354551 334510 307139 418006 413415 147057 441769 525983 795578 273246 553235
119935 635282 520496 791846 955988 154906 924159 491854 720648 921426 986765 414792 752885 592098 968710 715503 939343 205875 213405 154256 414809 899584 458171 615685 928274 762366 759871 850853 698122 631020 996431 737685 732108 682256 269173 294037 395897 934874 324979 658241 976747 298008 187935 123618 713774 914882 270842 977013 104084 491108 689542 222688 331484 760720 154982 602893 226881 153920 669143 656406 820622 779695 633817 313527
208266 365464 579990 910364 795526 302582 681685 421007 141518 678088 869966 876930 634858 308458 891562 859487 962856 591905 899491 278544 507035 207313 132882 855739 559949 126153 828704 368219 316864 848466 891628 127710 905943 369048 136988 109666 130382 710064 310948 411985 356824 963482 527636 534439 322940 547766 130102 299618 895025 985475 932677 100049 388829 666400 254384 821977 453283 242357 551847 918604 907671 770110 881049 580217
594922 917415 484670 558881 973832 609476 756903 430168 144239 446997 321278 236860 460921 919753 771199 926266 628022 834941 977401 143523 407865 586105 955045 603488 979313 213063 947340 547533 333666 655441 329697 293052 696734 753394 140151 264143 137140 157924 525198 381880 721610 912258 195879 564329 340274 791802 848586 403896 731796 655250 488722 697992 295933 812883 387030 731245 130245 649305 636353 985229 497522 646531 142432 675717
709922 458417 622781 975042 344632 605021 887033 852537 718681 623843 258877 656269 740104 692660 791495 157359 916012 748264 121756 762964 735374 842289 752168 582357 376050 295946 572110 550489 183383 469537 952948 360010 765576 145563 713449 943046 147523 322360 751221 605264 156158 690989 789145 945378 298087 178491 816767 572830 929389 507509 109905 643840 751283 505862 176267 290759 467117 692901 755849 905804 364111 160086 192497 388841
987274 170520 421927 530799 383176 255026 841507 222846 593928 736494 602681 853652 975953 164727 968060 449697 891626 751721 390635 213126 126639 646028 345339 112702 713463 189274 108165 796494 455003 575567 225937 347282 443382 480371 604712 296983 275102 767870 983318 108084 800281 548985 387688 581065 104295 103755 156881 423223 267118 545519 924736 855816 148416 759634 703991 726836 787662 274792 198692 100061 522497 157699 471682 610825
309217 111021 852786 723223 677021 332822 827886 845271 725352 341708 687341 198526 670961 151183 317127 603208 745113 680198 642661 493590 224142 244441 871539 710016 560853 769046 634606 927409 783286 487033 959773 329989 774538 584274 359799 351763 667612 446728 221730 484963 203190 368493 859657 163264 941015 789448 902522 394666 600996 775570 661151 739094 360112 352792 395002 825745 445396 529610 121936 294459 518231 158163 751301 633654
647525 844797 534309 728629 513316 398186 183901 688292 259608 610719 446148 465583 716153 984973 639160 896743 556504 678767 669418 579283 261148 308123 462326 589022 408097 149982 684544 157637 977601 930126 104651 915817 765019 793647 153442 167014 305171 621354 362082 365383 224534 995188 705011 339634 894210 958347 230787 265391 242800 428224 514544 195534 738599 460060 728840 867239 769041 307058 252685 636777 918872 968874 315729 268672
748881 421587 421356 483846 808847 866548 954742 601043 550947 723420 982332 579734 785367 584809 754656 155112 554477 138115 351489 191508 358456 286863 671957 388429 824571 131067 753170 991596 221528 322934 145073 748788 212724 453463 250471 933475 563756 776877 644233 250682 828913 963473 967101 816313 630158 790967 992451 768437 917278 790210 744150 611182 692619 820889 528704 987076 103361 555342 389511 955660 362154 582606 963147 802857
403407 461815 897573 631507 973543 223711 511541 711001 368761 957750 217180 614514 953663 973264 119213 345966 600017 648622 120204 437452 217099 880568 508466 693818 411456 123737 888305 490586 807735 504414 690168 862213 138922 140239 968649 226859 589524 360669 636487 751521 676739 951071 580078 234210 487189 821682 566109 261988 743152 860929 500673 591192 335471 965033 238179 696983 579457 176012 343607 682060 545647 540079 111193 652508
371620 362369 563501 980554 716620 300609 555878 683803 844894 525118 382810 677791 971091 751170 656937 829503 458252 215943 786772 990605 250895 802480 469897 799761 529128 901267 952825 666968 362243 196392 388459 288745 519397 423414 457264 195794 953953 575259 225398 643494 251290 909832 425877 584380 840560 330729 773581 361813 818309 879029 957863 852573 664682 663894 537151 587209 328559 359504 790677 340049 716834 702506 536852 563293
195742 978877 258881 973661 616816 818062 581966 301586 564988 368500 715026 511782 619906 717325 717396 514844 422683 259875 948251 588634 715427 747745 775424 618793 259781 788882 209192 950525 416820 263522 744477 216105 757744 489562 499740 293647 542638 738954 407522 633943 485951 483252 592387 227251 252118 144804 993441 522864 750273 609814 282498 804492 215299 256797 560463 882337 420422 984525 250213 246795 760534 591941 158409 830486
875964 235386 224592 523518 353133 329600 832584 496489 445474 616708 583991 856093 811978 231890 714381 499567 539471 678491 806741 563721 490413 721973 888139 350277 486706 675788 305085 810493 847767 115847 149282 764374 750781 593328 771934 444051 988468 101182 679793 784280 253878 209573 348184 263710 248346 780879 496453 396079 239386 424888 538294 956835 724479 524452 376500 700684 628109 632335 101350 332390 283285 780640 244762 936841
671627 328016 707932 776550 644181 610311 913072 605410 174289 297544 412836 972683 489087 825945 950329 493296 850684 860338 776742 680707 734337 789552 301364 693960 854885 581390 896319 549104 257033 168500 796972 265585 377400 870455 781981 348552 934148 263149 570871 783123 150658 157427 951974 531481 462614 924577 135745 992572 616501 688834 330192 585504 450767 676987 554578 246897 286025 313783 668536 533238 584686 994991 692112 868316
288716 756067 934980 157539 241228 388740 462828 113536 379577 305474 308905 824975 940989 470878 548146 580848 981463 170612 822497 178428 645822 881986 365050 121352 237561 453102 328664 199357 757007 316233 140081 428270 621643 949448 793901 464790 462297 959429 367117 453948 292144 836881 933007 934818 630992 684889 422301 354885 608599 672217 285689 877572 305026 407723 732895 563329 755923 490251 386266 130155 712386 720024 307355 648068
289486 217659 951482 440128 436194 429366 567660 997873 813596 962696 748969 651830 366776 102589 796855 166704 744304 123155 568593 713402 453372 422635 468891 554641 564544 192204 810481 421460 201586 340572 680863 697929 753353 461982 966568 746310 248871 525831 491173 980155 700455 588767 603354 858137 258964 411734 634429 880231 172731 542348 138938 546530 828435 273880 182749 720079 942715 495309 850044 967097 497962 998724 768196 832229
