907977 388297 737911 331697 439984 483114 985950 900455 451229 105641 916097 411034 304130 637565 292142 839814 718255 945066 337116 930575 800671 142377 208527 623300 301005 845736 248157 823382 531045 452530 619238 663782
755634 821325 185787 154516 377874 308375 447107 320459 579495 967444 673042 487601 449880 891090 957155 534615 258361 543195 465784 766406 813853 444442 151885 121367 330424 456681 545689 140256 240091 388392 204482 702505
171706 224571 391809 216766 942912 638618 642356 895888 475840 309426 925786 130173 257442 100214 855640 826878 763948 949167 894757 274614 736230 365509 992749 806067 720650 339070 197145 619660 915932 712461 613229 208331
572004 842725 144461 509326 257347 728020 362824 611842 186056 708671 345274 253488 168723 862362 584887 848416 792989 900602 695023 288713 438953 904868 590541 361493 685717 963580 759363 701662 974426 207422 259004 773682
253194 657158 824947 255549 661345 555833 520549 760496 188416 763952 337341 855026 727498 642667 482777 581212 774367 440310 731392 450441 655391 206579 378672 615655 669691 422905 870211 879080 995769 614323 664927 418601
108849 971459 933965 555598 764084 896715 348275 540884 414451 908274 531351 125167 475319 191045 431020 398364 163586 286546 984627 305429 876474 294170 724566 661946 226296 948381 454704 373104 639999 653982 872747 909787
391837 962356 901949 379028 484556 368756 484332 965801 315983 926714 941575 279928 480947 128738 418760 588744 199880 176736 175712 735807 565419 946714 510348 726417 711937 295653 715927 258640 589658 336633 106595 316171
724748 475945 448748 712865 357869 127705 813482 795306 541895 124423 319732 541743 920802 306287 432212 202138 417184 462601 413955 933208 877982 630813 521060 999574 278355 752322 153212 853569 291884 890571 567058 966111
276910 679756 635167 367982 658997 145735 166134 890095 985688 729627 469330 399551 649516 970768 366971 473930 268230 696686 360820 634181 879078 291185 478884 496704 957207 258574 565582 648460 960903 564156 114377 375667
339654 383160 437973 111391 426352 632380 691244 634708 118880 720311 667714 987615 752289 971204 746207 721321 883987 894317 222555 151044 586620 973193 924874 712525 378671 885194 889057 493738 117999 104946 895986 717439
141612 126981 704769 960104 312962 509907 246798 533997 164731 676621 252589 808597 225211 769842 176015 340100 900166 949913 192894 731494 431471 782765 682266 423517 871475 135330 411641 311990 201829 721428 882900 889053
316238 551657 452432 762553 423267 548467 171330 525873 402444 940776 878718 418108 671999 949120 566120 185135 672352 242476 748754 691107 823994 684091 555844 169686 589127 890687 569239 738501 814037 837542 675784 332448
156225 214277 848547 883936 507570 274196 792772 816354 152216 822087 471840 516927 904107 258268 721940 748575 112997 437485 553900 787557 440573 778032 972989 390436 529661 138605 600320 674439 584448 374861 814141 127556
427133 994466 573759 101726 455595 913024 359027 202465 909373 223305 400751 710131 325028 851486 786210 767773 961753 357349 895488 988104 469141 577907 528048 238829 772888 840619 354236 711482 183763 200673 161825 683180
663509 160783 187754 292812 672634 980528 524119 263361 223652 199041 585590 462004 417411 928729 235699 647748 249703 231457 663964 696094 532952 881591 912082 928042 474717 439392 925216 959860 208016 971082 616934 750716
118795 937254 951407 935914 953993 161059 571102 485288 707010 281091 564231 972973 868914 461365 338919 810823 806767 808026 254968 628758 591670 979847 928435 428929 355572 116437 852927 844153 231091 107924 250655 631216
690563 901969 461230 799586 179479 677748 833935 760785 689830 860815 119674 434356 332054 363283 436353 700868 161220 362665 800502 948104 152181 403444 288968 894598 222447 634668 223516 464298 618823 996054 240948 278431
434295 899696 495189 150190 319123 839387 601323 626964 269209 216004 696794 701344 634425 747377 269199 914690 130535 514551 638826 877894 613069 288654 462257 863929 314685 873240 368097 539189 659364 475450 801700 637092
872169 870340 935364 487498 486099 988808 897077 772666 331845 831955 353775 970857 672552 497848 244726 345515 967319 594677 971685 333580 882279 632799 608762 859755 138660 976068 184453 388241 870224 140926 591825 609599
231902 158492 156548 203938 591308 167147 547000 183362 305022 841513 376721 403582 639841 219372 348462 899766 925729 664886 850201 317953 542144 990678 992004 847955 619415 851206 782749 956678 598648 150769 571621 227816
258371 281889 208679 963210 647164 417732 953565 723119 674010 574409 990897 151273 392921 493347 675882 941431 906355 333616 662590 191182 429276 882444 733499 600390 629064 831202 565998 772804 337400 837414 739979 265889
266359 973320 329396 299416 958923 548179 345673 348278 629786 659605 347545 469211 931689 394883 557463 639961 325051 791917 107529 126122 142982 567343 959728 753939 863459 564436 358790 892159 635984 689427 932883 952553
611222 238158 340733 358267 995069 812819 558068 749759 179708 181992 704942 788466 879026 519639 563635 634101 988034 450164 749288 190033 636084 174311 302863 409206 954027 936311 463070 216359 171023 546126 416451 861338
637589 428653 385544 764973 957882 907755 718617 963545 481244 300476 700968 548764 127099 724624 181531 357534 952898 462344 756206 750132 889493 530323 828747 656509 671312 741821 451993 285296 829941 532807 347566 362915
761753 949687 215046 598265 854776 360754 574965 549587 480612 870218 624673 369888 562521 932505 723526 670077 127120 357180 174252 358591 719095 188250 825850 684555 194901 918663 390426 445827 479957 920536 183756 273939
454171 428807 565723 710699 668460 122899 823507 303753 353357 778691 941058 935558 510921 136360 790273 653678 942150 192442 939902 625348 898829 341873 125261 374286 369133 711237 602231 885708 381989 167455 690489 284792
585337 842495 614465 470309 313738 174568 364843 647901 641772 398807 906914 596345 913498 886255 156119 652411 626373 258156 722570 497567 250710 415162 793891 128977 445674 627152 929092 174740 499012 115044 218519 771168
167277 387226 330498 657899 630889 374507 441273 753053 543630 948965 816483 240360 406807 789635 460937 915093 430737 491352 599487 907899 697715 304135 854116 277234 191824 489449 190393 555517 100126 508477 255098 100835
322194 966963 467515 980253 767124 587969 926701 234691 397665 321622 863299 548567 480154 628760 741149 160145 451294 105643 618404 947896 488822 729031 110756 788312 683753 316507 772605 725409 698266 871846 248767 284763
505032 966326 885197 867929 188575 309305 110457 214500 299608 247264 911111 776028 403447 418428 417210 262275 463868 941754 535891 687075 439694 810981 762786 531362 412890 500103 556547 510225 445139 890337 681140 553896
199915 842776 514693 215946 734797 834227 612924 508650 734881 756799 257163 926729 794158 474231 435233 472074 587683 404127 209470 969451 797668 939509 601104 695374 297370 521984 563521 772679 154708 665924 111972 288332
663191 677476 684779 342493 250599 550086 709849 480437 640104 873770 862831 661326 666715 152567 856161 876726 883280 620886 336231 290237 424692 115362 552394 481000 797922 346112 785914 184209 650993 258618 158631 143288
